
Descriptive statistics
=============================================================
Statistic           N      Mean   St. Dev.   Min       Max   
-------------------------------------------------------------
drugs             69,562   4.9      4.7      0.3      60.8   
all_cause         69,562  980.0    138.4    323.3    1,716.8 
county_jail_adm   67,172 7,018.5  3,822.4    20.2   18,445.2 
county_prison_adm 66,910  254.6    160.3     6.0      732.1  
income            69,562 46,841.9 11,781.4 17,582.8 125,704.6
education         69,562   0.8      0.1      0.3       1.0   
blacks            69,562   0.1      0.2      0.0       0.9   
hispanics         69,562   0.1      0.1      0.0       1.0   
race_other        69,562   0.02     0.05     0.0       0.9   
county_crime      61,367  284.8    265.3     0.0     3,894.3 
px                20,049   90.7     45.7     0.0      437.2  
-------------------------------------------------------------
