
Descriptive Statistics
==================================================================================================
Statistic                                  N   Mean  St. Dev.  Min  Pctl(25) Median Pctl(75)  Max 
--------------------------------------------------------------------------------------------------
Health Insurance                         3,142 16.54   6.21   6.30   12.03   15.10   19.10   52.40
Arthritis                                3,142 26.26   3.44   16.60  23.80   25.85   28.40   39.00
Binge Drinking                           3,142 18.02   3.17   6.50   15.70   17.70   19.90   28.70
High Blood Pressure                      3,142 32.38   4.72   21.60  28.80   31.60   35.40   52.00
Taking BP Medication                     3,142 58.00   3.97   46.90  56.10   57.90   60.40   71.40
Cancer (except skin)                     3,142 6.39    0.26   4.90    6.30    6.50    6.60   7.00 
Current Asthma                           3,142 9.95    1.02   7.10    9.20    9.90   10.60   15.90
Cervical Cancer Screening                3,142 83.88   1.92   69.90  82.70   84.00   85.10   89.70
Coronary Heart Disease                   3,142 6.84    1.14   4.00    6.00    6.70    7.50   13.20
Annual Checkup                           3,142 73.86   3.68   60.00  71.60   74.20   76.50   83.50
Cholesterol Screening                    3,142 82.52   2.26   72.40  81.10   82.50   83.90   90.50
Colorectal Cancer Screening              3,142 61.92   4.75   39.80  58.90   62.10   65.20   74.40
COPD                                     3,142 7.75    1.91   3.40    6.30    7.60    9.00   16.50
Core preventive services for older men   3,142 23.46   3.79   5.60   20.60   23.90   26.00   36.70
Core preventive services for older women 3,142 22.44   3.47   10.70  19.90   22.60   24.90   33.70
Current Smoking                          3,142 21.32   4.15   7.10   18.60   21.10   24.00   44.60
Dental Visit                             3,142 60.10   7.60   33.90  54.40   60.80   65.90   81.00
Depression                               3,142 10.86   2.32   5.60    9.10   10.50   12.20   21.60
Diabetes                                 3,142 30.15   2.31   23.30  28.70   30.20   31.70   36.40
General Health                           3,142 2.88    0.43   2.00    2.60    2.80    3.10   5.60 
High Cholesterol                         3,142 26.96   5.33   10.00  23.20   26.50   30.60   44.90
Chronic Kidney Disease                   3,142 70.76   4.03   54.00  68.30   70.80   73.70   81.80
Physical Inactivity                      3,142 15.11   2.36   8.80   13.40   15.10   16.70   24.70
Mammography                              3,142 35.16   4.53   15.70  32.60   35.50   38.08   50.10
Mental Health                            3,142 13.63   2.63   7.00   11.70   13.50   15.40   29.20
Obesity                                  3,142 36.81   3.97   25.60  33.80   36.80   39.70   49.10
Physical Health                          3,142 3.37    0.67   1.80    2.90    3.20    3.70   8.10 
Sleep <7 hours                           3,142 17.46   5.09   4.50   13.70   16.70   20.60   47.60
--------------------------------------------------------------------------------------------------
