
Descriptive Statistics
===============================================================================================
Statistic           N      Mean    St. Dev.     Min    Pctl(25)   Median   Pctl(75)     Max    
-----------------------------------------------------------------------------------------------
drugs             69,562   4.87      4.70      0.27      1.48      3.25      6.86      60.75   
all_cause         69,562  979.98    138.45    323.29    886.23    984.35   1,075.02   1,716.82 
county_jail_adm   67,172 7,018.50  3,822.40    20.19   4,039.24  6,540.70  9,459.18  18,445.16 
county_prison_adm 66,910  254.60    160.26     5.99     127.71    218.34    350.86     732.14  
income            69,562 46,841.86 11,781.40 17,582.84 38,955.84 45,174.60 52,509.16 125,704.60
px                20,049   90.66     45.70     0.00      60.10     85.10    115.00     437.20  
education         69,562   0.76      0.11      0.29      0.69      0.78      0.84       0.98   
blacks            69,562   0.10      0.15      0.00      0.01      0.03      0.13       0.87   
hispanics         69,562   0.06      0.12      0.00      0.01      0.02      0.05       0.98   
race_other        69,562   0.02      0.05      0.00      0.01      0.01      0.02       0.88   
county_crime      61,367  284.84    265.35     0.00     106.92    211.00    377.41    3,894.28 
-----------------------------------------------------------------------------------------------
